Taxa	E474001	E474001_2	E474005	E474005_2	E474014	E474014_2	E474043	E474043_2	E474079	E474079_2	E474086	E474086_2	E474091	E474091_2	E474099	E474099_2	E474103	E474103_2	E474107	E474107_2	E474143	E474143_2	E474148	E474148_2	E474160	E474160_2	E474175	E474175_2	E474179	E474179_2	E474198	E474198_2	E474207	E474207_2	E474217	E474217_2	E474237	E474237_2	E478618	E478618_2	E478631	E478631_2	E478635	E478635_2	E478639	E478639_2	E478655	E478655_2	E478672	E478672_2	E478677	E478677_2	E478685	E478685_2	E478689	E478689_2	E478706	E478706_2	E478732	E478732_2	E478745	E478745_2	E478748	E478748_2	E478752	E478752_2	E478847	E478847_2	E478851	E478851_2	E478867	E478867_2	E478887	E478887_2	E478895	E478895_2	E478907	E478907_2	E478929	E478929_2	E478933	E478933_2	E478941	E478941_2	E478949	E478949_2	E478954	E478954_2	E478959	E478959_2	E478964	E478964_2	E478969	E478969_2	E478973	E478973_2	E478977	E478977_2	E478981	E478981_2	E478985	E478985_2	E478989	E478989_2	E478993	E478993_2	E478997	E478997_2
Alosa_pseudoharengus	0	0	0	0	0	0	0	0	0	0	0	0	0	0	0	0	0	0	0	0	0	0	0	0	0	0	0	0	0	0	0	0	0	0	0	0	0	0	82	0.1475	0	0	0	0	0	0	0	0	0	0	1213	0	0	0	0	0	0	0	0	0	0	0	0	0	0	0	0	0	0	0	0	0	0	0.065116279	0	5.394827586	0	0.278409091	0	0	0	0	0	0	0	0	0	0	0	0	0	0	0	0	0	0	0	0	0	0	0	0	0	0	0	0	0	0
Amblyraja_radiata	0	0	0	1.958806818	0	0	0	0	0	0	0	0	0	0	0	0	0	0	0	0	0	0	0	1.111403509	0	0.014914773	0	0	0	0	7310	0	2670	5.859550562	0	0	0	0.59	0	0	0	0	0	0	0	0	0	0	0	0	0	0	0	0	0	0	0	0	0	0	0	0	0	0	0	0	0	0	0	0	0	0	0	0	0	0	0	0	0	0	0	0	0	0	0	0	0	0	0	0	0	6.155172414	0	0	0	0	0	0	0	0	0	0	0	0	0	0	0	0
Argentina_silus	0	0	0	0.39375	0	0.059	0	0	0	0	0	0	0	0	0	0	0	0	0	0	0	0	0	0	0	0	0	0	0	0	0	0	0	0	0	0	0	0	0	0	0	0	0	0	0	0	0	4.443055556	0	0	32743	0	0	0	0	0	0	0	0	0	0	0	0	0	0	0	0	0	0	0	0	0	0	0	0	0	46	0	0	0	0	0	0	0	0	0	0	0	0	0.797443182	0	0.279597701	0	0	0	0	0	0	0	0	0	0	0	0	0	0	0	0
Benthosema_glaciale	0	0	0	0	0	0	0	0	0	0	0	0	0	0	0	0	0	0	0	0	4744	0	0	0	25323	0	0	0	0	0	0	0	0	0	0	0	0	0	0	0	0	0	0	0	0	0	0	0	0	0.000972222	0	0	0	0	0	0	0	0	0	0	0	0	0	0	0	0	0	0	0	0	0	0	0	0	0	0	0	0	0	0	0	0	0	0	0	0	0	0	0	0	74645	0	10282	0	0	0	0	0	0	0	0	0	0	0	0	0	0	0
Centroscyllium_fabricii	0	0	0	0	0	0	0	0	0	0	0	0	0	0	0	0	0	0	0	0	790	0.24841954	0	0	0	0	0	0	0	0	0	0	0	0	0	0	0	0	0	0	0	0	0	0	0	0	0	0	0	0	0	0	0	0	0	0	0	0	0	0	0	0	0	0	0	0	0	0	0	0	0	0	0	0	0	0	0	0	0	0	0	0	0	0	0	0	0	0	0	0	0	0	0	0	0	0	0	0	0	0	0	0	0	0	0	0	0	0
Citharichthys_arctifrons	0	0	0	0	0	0	0	0	0	0	0	0	0	0	0	0	0	0	0	0	0	0	0	0	0	0	0	0	0	0	0	0	0	0	0	0	0	0	0	0	0	0.010694444	0	0	31793	0.319375	0	0	0	0	0	0.026764706	0	0.033055556	0	0	0	0	0	0	0	0	0	0	0	0	0	0.02747093	0	0	0	0	0	0	0	0	0	0	0	0	0	0	0	0	0	0	0	0	0	0	0	0	0	0.028	0	0	0	0	0	0	0	0	0	0	0	0.005965909	0	0
Clupea_harengus	0	0	0	0	0	0.89	8886	44.24281609	4436	1.938920455	0	1.15	0	2.24566474	0	0	608	4.325284091	0	0.491193182	0	0	0	42.31725146	0	0	0	3.067528736	0	25.06538462	0	0	0	0	0	0.305344828	0	1.384	0	0.2875	0	0	338	0	0	0.18046875	0	0	0	0.165277778	0	4.189705882	4820	7.505555556	4342	24.73	131	0	0	0	0	0.932272727	237	9.998333333	94	54.5234375	0	0	0	0	0	4.552023121	0	0.198401163	7	2.514367816	1149	0.292329545	94	7.04	0	5.39	0	0.554166667	0	1.297752809	0	0.586705202	20	0	0	0	0	4	0	0.116032609	1249	0	0	0	0	0	0	0	0	0	0	0
Enchelyopus_cimbrius	0	0	0	0	0	0	0	0	0	0	0	0.15	22531	0.068786127	0	0	0	0	0	0	0	0	14422	0.044005848	860	0	0	0.049281609	0	0	0	0	0	0	0	0	0	0	0	0	0	0	0	0	0	0	0	0	30973	0	14792	0	0	0	0	0	0	0	0	0	0	0	0	0	14193	0	0	0	0	0	0	0	11111	0.13125	0	0	4	0	0	0.011	0	0	0	0	0	0	0	0	0	0	0	0	0	0	0	0	0	0	0	0	0	0	0	0	0	0	0	0
Glyptocephalus_cynoglossus	0	0	0	0	0	0	0	0	0	0	5056	0.62	0	0.414739884	0	0	12224	0	0	0	959	0.422413793	11061	2.302631579	0	3.572585227	20313	88.60632184	11413	9.180769231	3065	0.272540984	0	1.46488764	0	0	11152	6.83	0	0.43	1604	0	0	0	0	0.39046875	0	0.178888889	0	0.003888889	0	0.075147059	0	1.166666667	0	0	0	0	0	0	0	0.361666667	2326	0.243833333	0	0	0	0.468023256	0	0	0	0	0	2.380813953	0	0.985632184	0	0	0	0	0	0	0	0	0	0	0	0	0	0.427556818	0	0	0	0	0	0	0	0	0	0	0	0	0	0	0	0	0	0
Helicolenus_dactylopterus	0	0.046	0	0.081534091	0	0	0	0	0	0	0	0	0	0	0	0	0	0	0	0	0	0	0	0	0	0	0	0	0	0	0	0	0	0	0	0	0	0	0	0	0	0	0	0	0	0	7976	55.98055556	0	0	2712	0	0	0	0	0	0	0	0	0	0	0	0	0	0	0	0	0	0	0	0	0	0	0	0	0	0	0	0	1.104	0	0	0	1.184166667	0	0	9543	6.797687861	0	78.04403409	0	11.73706897	0	0	0	0	0	0	0	0	0	0	0	0	0	0	0	0
Hippoglossus_hippoglossus	3103	0	0	0	0	3.36	0	0.225287356	0	0	0	0	0	0	0	0	0	59.65909091	0	0	0	0	0	9.425438596	0	0	8143	4.364942529	0	0	0	0	0	0	0	0	0	3.95	0	0	0	0	0	0	0	9.296875	0	0	0	0	60894	0	0	0	0	23.81	0	6.155882353	9173	1.2228125	0	0	6634	7.128333333	0	0	0	0	0	0	0	0	0	0	0	0	92	0	0	0	0	0	0	0	0	0	0	0	0	0	0	0	0	0	0	0	0	3.930327869	0	0	0	0	0	0	0	0	0	0
Leptoclinus_maculatus	0	0	0	0	0	0	0	0	0	0	0	0	0	0	0	0.022383721	0	0.171022727	12366	0.031818182	0	0	0	0	0	0	0	0	0	0	0	0	0	0	0	0	0	0	0	0	0	0	0	0	0	0	0	0	0	0	0	0	0	0	0	0	0	0	0	0	0	0	0	0	0	0	0	0	0	0	0	0	0	0	0	0	0	0	0	0	0	0	0	0	0	0	0	0	0	0	0	0	0	0	0	0	0	0	0	0	0	0	0	0	0	0	0	0
Leucoraja_erinacea	0	0	0	0	0	9.18	0	0	0	0	0	0	0	0	0	0	0	0	0	0	0	0	0	0	0	0	0	0	0	0	0	0	0	0	0	0	0	0	0	0	0	0	0	0	7320	0.844375	0	0	0	0	0	0	0	0	0	0	0	0	0	0	20178	0	0	0	0	0	0	0.427325581	0	0	0	0	0	0	0	0	0	8.998579545	0	0	0	0	0	0	0	0	0	0	0	0	0	0	0	0	47861	0	13627	0	14603	8.514044944	18478	15.59	1028	1.488505747	17790	0	0	0.794382022
Lophius_americanus	0	0	0	0	0	0	0	0	0	0	0	0	0	0	0	0	0	0	0	0	0	0	0	0	3651	0	0	0	0	0	0	0	0	0	0	0	0	9.63	0	0.31375	0	0	0	0	0	0.22859375	0	0	0	2.00375	0	0.260441176	0	2.775694444	0	0	0	0.473529412	0	0	0	0	0	0	0	0	0	6.531976744	0	0	0	0	0	0	0	1.03591954	0	0	0	0.746	0	0	0	4.375	0	3.037921348	0	0	0	0	0	0	0	0	12809	2.605978261	0	0	6079	2.713483146	0	2.54	0	0	0	0	17952	4.384831461
Lumpenus_lampretaeformis	0	0	0	0	0	0	0	0	0	0	0	0	14952	0.075867052	0	0	35255	0.201846591	7454	0.316193182	0	0	0	0	0	0	0	0	0	0	6476	0	0	0	0	0	0	0	0	0	0	0	0	0	0	0	0	0	0	0	0	0	0	0	0	0	0	0	0	0	0	0	0	0	0	0	0	0	0	0	0	0	0	0	0	0	0	0	0	0	0	0	0	0	0	0	0	0	0	0	0	0	0	0	0	0	0	0	0	0	0	0	0	0	0	0	0	0
Melanogrammus_aeglefinus	0	16.165	0	3.221590909	3249	26.848	3965	22.21091954	0	0.006960227	0	0	0	0	0	0	0	0	0	0	0	0	0	0	0	0	0	0	0	4.401923077	0	0	0	0	3797	113.4724138	0	47.74	0	9.05	2371	12.74583333	0	17.96323529	13119	35.21875	0	13.43611111	0	4.501388889	142139	0.498235294	0	1.821944444	0	5.975	0	30.32647059	4078	60.090625	0	0	0	0	0	0.24609375	0	1.109011628	0	8.604494382	0	12.30057803	0	0	0	61.57183908	0	0.1859375	0	8.54	0	8.66	0	5.259722222	0	17.73595506	0	12.21965318	0	1.292613636	0	1.295402299	0	361.643	118710	279.2182065	0	323.154235	7311	199.9119382	0	0.094	0	1.186781609	0	5.649715909	2753	19.81235955
Merluccius_albidus	0	0	0	0	0	0	0	0	0	0	0	0	0	0	0	0	0	0	0	0	0	0	0	0	0	0	0	0	0	0	0	0	0	0	0	0	0	0	4	0	0	0	0	0	88	0	453549	0.810833333	0	0.739861111	0	0	0	0	0	0	0	0	5914	0	0	0	0	0	0	0	0	0	78	0	0	0	0	0	0	0	0	0	0	0	0	0	0	0	0	0	0	0	0	0	0	0	0	0	0	0	0	0	0	0	0	0	0	0	0	0	0	0
Merluccius_bilinearis	2867	0	1466	0	0	7.16	0	0	0	0	7147	6.25	0	0.194219653	0	0	0	0	0	0.181960227	34	1.06408046	12982	0.523976608	0	0	0	1.015804598	0	0	0	0	0	0.077668539	3	4.272413793	118601	13.94	0	15.925	19016	1.559444444	0	0.776176471	0	0.643125	134850	3.869444444	9485	2.197222222	159228	27.3	992	7.729166667	10002	0.552	5931	1.811764706	480829	0.25265625	2369	0.982121212	2601	46.305	0	2.2203125	8312	1.465116279	0	0.018679775	4953	8.729768786	0	10.55087209	0	3.514382184	25	7.636363636	0	13.35	5203	11.92	0	2.206944444	0	0.816011236	7878	25.93641618	0	2.724431818	0	0.221264368	0	28.3	23850	0.551630435	11725	0.493442623	1752	2.91011236	16939	6.76	53147	2.272988506	0	0	0	0
Myoxocephalus_octodecemspinosus	0	0	0	0	8754	3.552	0	1.216954023	0	0	0	0	0	0	0	0.225872093	0	0.114346591	0	0	0	0	0	0	0	0	0	0	0	0	0	0	0	9.251404494	0	0	0	1.385	1	0.14125	0	0	0	0	6989	2.3953125	0	0	0	0	0	0.144117647	0	0.119583333	0	0.128	3103	0	0	0	2859	1.130606061	0	0.333666667	1935	0	0	0.010174419	0	0	0	0	0	0	0	0	0	7.258522727	0	0	0	0	1	0	0	0	0	0	0	0	0	0	0	0	19091	0.243478261	0	0.420765027	5541	27.23314607	0	0.395	0	0	0	0	5357	0
Notoscopelus_elongatus	0	0	0	0	0	0	0	0	0	0	0	0	0	0	0	0	0	0	0	0	0	0.032183908	0	0	0	0	0	0	0	0	0	0	0	0	0	0	0	0	0	0	0	0	0	0	0	0	3402	0	0	0	0	0	0	0	0	0	0	0	0	0	0	0	0	0	0	0	0	0	0	0	0	0	0	0	0	0	0	0	0	0	0	0	0	0	0	0	0	0	0	0	0	0	0	0	0	0	0	0	0	0	0	0	0	0	0	0	0	0
Phycis_chesteri	0	0	0	0	0	0	0	0	0	0	0	0	0	0	0	0	0	0	0	0	2634	0.414367816	0	0	0	0.0328125	0	0	0	0	0	0	0	0	0	0	0	0	0	0	0	0	0	0	0	0	0	0	0	0	0	0	0	0	0	0	0	0	0	0	0	0	0	0	0	0	0	0	10	0	0	0	0	0	0	0	0	0	0	0	0	0	0	0	0	0	0	0	0	0	0	0	0	0	0	0	0	0	0	0	0	0	0	0	0	0	0	0
Pollachius_virens	6753	35.08	0	18.18607955	0	0.798	0	0	0	0	0	0	0	0	0	0	0	0	0	0	0	5.481321839	0	0	0	0	0	0	0	0	0	0	0	0	0	121.3896552	0	0	0	53.6	0	0	0	0	0	0	0	1.485555556	0	0	0	6.382352941	0	0	0	0	0	0	0	0	0	0	0	0	0	0	0	0	0	0	0	33.90751445	0	0	0	0	0	0	0	34.02	0	5.81	0	7.427777778	0	0	0	32.00578035	0	13.16477273	3059	89.8433908	0	2.012	0	0.119836957	0	10.23224044	0	0	0	0	0	0	0	0	0	0
Scomber_scombrus	0	10.88	0	1.561079545	0	0	0	0	0	0	0	0	11756	0	0	0	0	0	0	0	0	0	49373	0.018421053	0	0	0	0	0	0	0	0	0	0	0	0	0	0	0	0	0	0.565833333	0	0	0	0	0	0	2968	0	16784	0.627941176	0	0	0	0	0	0	0	0	5572	0	0	0	0	0	0	0	0	0	0	0	0	0	0	0	0	0	0	0	0	0	0	0	0	0	0	0	0	0	0	0	0	0	10272	0	0	0	0	0	0	0	0	0	0	0	0	0
Sebastes	0	0	0	0.008948864	0	0	2126	0	0	0	0	0	0	4.319364162	0	0	26605	0.050710227	0	0	35437	953.8908046	24573	69.91812865	607965	22.89914773	6300	8.900862069	25737	23.16730769	0	0	0	0	4578	440.8913793	0	0	0	16.1	0	0	0	0	0	0.8071875	0	74.10277778	0	4.783333333	43277	2.645588235	0	0	9518	0	0	0	0	0	0	0	0	0.067666667	0	0	0	0.01627907	2851	0	0	20.63583815	0	0	0	81.26436782	0	0	0	1.46	6616	3.54	0	48.20277778	10864	14.01573034	0	0.137572254	0	0.013920455	0	21.22126437	0	0	0	0	0	0	0	0	0	0	0	0	0	0	0	0
Squalus_acanthias	0	22.96	0	0	0	0	0	0	0	0	0	0	0	0	0	0	0	0	0	0	0	0	0	0	0	0	0	0	0	0	0	0	0	0	0	18.27241379	0	0	0	0	0	0	0	0	0	0	0	0	0	0	735	0	0	0	0	0	0	0	0	0	0	0	0	0	0	0	6840	0	1017	0	36734	217.3236994	0	0	0	0	0	0	35139	0	3752	11.35	445	30.95555556	5507	22.33707865	251	11.82514451	3943	1.638636364	534	52.03735632	227	0	0	15.35054348	0	18.47540984	11098	205.7921348	0	0.82	1673	0	0	23.93323864	0	238.2359551
Tautogolabrus_adspersus	0	0	0	0	0	0	0	0	0	0	0	0	0	0	0	0	0	0	0	0	0	0	0	0	0	0	0	0	0	0	0	0	0	0	0	0	0	0	0	0	0	0	5796	0.170882353	0	0	0	0	0	0	0	0	0	0	0	0	0	0	0	0	0	0	0	0	0	0	0	0	0	0	0	0	0	0	0	0	0	0.509090909	0	0	0	0	0	0	0	0	0	0	0	0	0	0	0	0	48239	0	0	10.42349727	0	0.054073034	0	0	0	0	0	0	0	0
Triglops_murrayi	0	0	0	0	0	0	0	0	0	0	0	0	0	0	0	0.179069767	0	0.009943182	0	0	0	0	0	0	0	0	0	0	0	0	0	0	0	0.042275281	0	0	0	0	0	0	0	0	0	0	0	0	0	0	0	0	0	0	0	0	0	0	0	0	0	0	0	0.009545455	0	0	0	0	0	0	0	0	0	0	0	0	0	0	0	0	0	0	0	0	0	0	0	0	0	0	0	0	0	0	0	0	0	0	0	0	0	0.06488764	0	0	0	0	0	0	2321	0
Urophycis_chuss	0	0	0	0	9803	4.81	0	0	0	0	0	0	0	0	0	0	0	0	0	0	0	0	0	0	0	0	0	0	0	0	0	0	0	0	0	0	0	0	0	2.505	7156	1.293055556	5389	0	15826	0.04921875	2438	0	0	2.411111111	0	0.957352941	0	1.225	0	0	0	0.754558824	0	0	0	0	0	0	0	0	0	1.485465116	0	0	0	1.476878613	5	1.577034884	0	0.030172414	0	3.509943182	0	1.94	0	2.14	0	0.268333333	0	0	0	0.428901734	14	0.725852273	0	0	0	10.62	0	0	3775	0	0	0	8874	0.432	62279	1.066091954	0	0	0	0
Urophycis_tenuis	0	0	0	0	0	0	0	0	0	0	0	1.01	0	0	0	0	0	0	0	0	0	3.882183908	0	4.144736842	0	0	0	1.005747126	4467	0	0	0	0	0	0	0	0	0	0	7.4125	0	0	0	0	0	0	0	9.352777778	0	0	52315	3.788235294	0	1.378611111	0	0	0	0.254264706	0	0	0	0	0	0.232166667	0	0	0	0	0	0	0	15.11271676	0	3.184593023	0	0.752298851	87	0.924715909	0	34.59	0	15.3	0	14.71944444	0	11.06039326	0	9.033236994	0	0	0	12.29022989	0	1.494	0	0	0	0	2278	0.360814607	2837	0	0	0	0	0	0	0.963483146
Zoarces_americanus	0	1.222	0	0	0	0.061	0	0	0	0	0	0	0	0	0	0	0	0	0	0	0	0	0	0	0	0	0	0	0	0	0	0	0	0	0	0	0	0.008	0	0	0	0	0	0	0	0	0	0	0	0	0	0.084411765	0	0	0	0	0	0	0	0	0	0	0	0	0	0	0	0	0	0	0	0	0	0	0	0	0	0	0	0	0	0	0	0	0	0	0	0	0	0	0	0	0	0	44888	2.891304348	5504	0	0	0.656741573	0	0	0	0	0	0	0	0