Taxa	EDNA20_474001	EDNA20_474001_2	EDNA20_474005	EDNA20_474005_2	EDNA20_474014	EDNA20_474014_2	EDNA20_474043	EDNA20_474043_2	EDNA20_474079	EDNA20_474079_2	EDNA20_474086	EDNA20_474086_2	EDNA20_474091	EDNA20_474091_2	EDNA20_474099	EDNA20_474099_2	EDNA20_474103	EDNA20_474103_2	EDNA20_474107	EDNA20_474107_2	EDNA20_474143	EDNA20_474143_2	EDNA20_474148	EDNA20_474148_2	EDNA20_474160	EDNA20_474160_2	EDNA20_474175	EDNA20_474175_2	EDNA20_474179	EDNA20_474179_2	EDNA20_474198	EDNA20_474198_2	EDNA20_474207	EDNA20_474207_2	EDNA20_474217	EDNA20_474217_2	EDNA20_474237	EDNA20_474237_2	EDNA20_478618	EDNA20_478618_2	EDNA20_478631	EDNA20_478631_2	EDNA20_478635	EDNA20_478635_2	EDNA20_478639	EDNA20_478639_2	EDNA20_478655	EDNA20_478655_2	EDNA20_478672	EDNA20_478672_2	EDNA20_478677	EDNA20_478677_2	EDNA20_478685	EDNA20_478685_2	EDNA20_478689	EDNA20_478689_2	EDNA20_478706	EDNA20_478706_2	EDNA20_478732	EDNA20_478732_2	EDNA20_478745	EDNA20_478745_2	EDNA20_478748	EDNA20_478748_2	EDNA20_478752	EDNA20_478752_2	EDNA20_478847	EDNA20_478847_2	EDNA20_478851	EDNA20_478851_2	EDNA20_478867	EDNA20_478867_2	EDNA20_478887	EDNA20_478887_2	EDNA20_478895	EDNA20_478895_2	EDNA20_478907	EDNA20_478907_2	EDNA20_478929	EDNA20_478929_2	EDNA20_478933	EDNA20_478933_2	EDNA20_478941	EDNA20_478941_2	EDNA20_478949	EDNA20_478949_2	EDNA20_478954	EDNA20_478954_2	EDNA20_478959	EDNA20_478959_2	EDNA20_478964	EDNA20_478964_2	EDNA20_478969	EDNA20_478969_2	EDNA20_478973	EDNA20_478973_2	EDNA20_478977	EDNA20_478977_2	EDNA20_478981	EDNA20_478981_2	EDNA20_478985	EDNA20_478985_2	EDNA20_478989	EDNA20_478989_2	EDNA20_478993	EDNA20_478993_2	EDNA20_478997	EDNA20_478997_2
Alosa_pseudoharengus	0	0	0	0	0	0	0	0	0	0	0	0	0	0	0	0	0	0	0	0	0	0	0	0	0	0	0	0	0	0	0	0	0	0	0	0	0	0	0.067768595	0.1475	0	0	0	0	0	0	0	0	0	0	0.001963393	0	0	0	0	0	0	0	0	0	0	0	0	0	0	0	0	0	0	0	0	0	0	0.065116279	0	5.394827586	0	0.278409091	0	0	0	0	0	0	0	0	0	0	0	0	0	0	0	0	0	0	0	0	0	0	0	0	0	0	0	0	0	0
Amblyraja_radiata	0	0	0	1.958806818	0	0	0	0	0	0	0	0	0	0	0	0	0	0	0	0	0	0	0	1.111403509	0	0.014914773	0	0	0	0	0.008854521	0	0.050197406	5.859550562	0	0	0	0.59	0	0	0	0	0	0	0	0	0	0	0	0	0	0	0	0	0	0	0	0	0	0	0	0	0	0	0	0	0	0	0	0	0	0	0	0	0	0	0	0	0	0	0	0	0	0	0	0	0	0	0	0	0	6.155172414	0	0	0	0	0	0	0	0	0	0	0	0	0	0	0	0
Argentina_silus	0	0	0	0.39375	0	0.059	0	0	0	0	0	0	0	0	0	0	0	0	0	0	0	0	0	0	0	0	0	0	0	0	0	0	0	0	0	0	0	0	0	0	0	0	0	0	0	0	0	4.443055556	0	0	0.052998666	0	0	0	0	0	0	0	0	0	0	0	0	0	0	0	0	0	0	0	0	0	0	0	0	0	0.008820709	0	0	0	0	0	0	0	0	0	0	0	0	0.797443182	0	0.279597701	0	0	0	0	0	0	0	0	0	0	0	0	0	0	0	0
Benthosema_glaciale	0	0	0	0	0	0	0	0	0	0	0	0	0	0	0	0	0	0	0	0	0.106372483	0	0	0	0.03919241	0	0	0	0	0	0	0	0	0	0	0	0	0	0	0	0	0	0	0	0	0	0	0	0	0.000972222	0	0	0	0	0	0	0	0	0	0	0	0	0	0	0	0	0	0	0	0	0	0	0	0	0	0	0	0	0	0	0	0	0	0	0	0	0	0	0	0	0.793159142	0	0.405665588	0	0	0	0	0	0	0	0	0	0	0	0	0	0	0
Centroscyllium_fabricii	0	0	0	0	0	0	0	0	0	0	0	0	0	0	0	0	0	0	0	0	0.017713799	0.24841954	0	0	0	0	0	0	0	0	0	0	0	0	0	0	0	0	0	0	0	0	0	0	0	0	0	0	0	0	0	0	0	0	0	0	0	0	0	0	0	0	0	0	0	0	0	0	0	0	0	0	0	0	0	0	0	0	0	0	0	0	0	0	0	0	0	0	0	0	0	0	0	0	0	0	0	0	0	0	0	0	0	0	0	0	0	0
Citharichthys_arctifrons	0	0	0	0	0	0	0	0	0	0	0	0	0	0	0	0	0	0	0	0	0	0	0	0	0	0	0	0	0	0	0	0	0	0	0	0	0	0	0	0	0	0.010694444	0	0	0.372549479	0.319375	0	0	0	0	0	0.026764706	0	0.033055556	0	0	0	0	0	0	0	0	0	0	0	0	0	0.02747093	0	0	0	0	0	0	0	0	0	0	0	0	0	0	0	0	0	0	0	0	0	0	0	0	0	0.028	0	0	0	0	0	0	0	0	0	0	0	0.005965909	0	0
Clupea_harengus	0	0	0	0	0	0.89	0.593309742	44.24281609	0.390389862	1.938920455	0	1.15	0	2.24566474	0	0	0.007385004	4.325284091	0	0.491193182	0	0	0	42.31725146	0	0	0	3.067528736	0	25.06538462	0	0	0	0	0	0.305344828	0	1.384	0	0.2875	0	0	0.029332639	0	0	0.18046875	0	0	0	0.165277778	0	4.189705882	0.516336369	7.505555556	0.057964436	24.73	0.002347334	0	0	0	0	0.932272727	0.018733697	9.998333333	0.003819741	54.5234375	0	0	0	0	0	4.552023121	0	0.198401163	0.002002861	2.514367816	0.220325983	0.292329545	0.002667953	7.04	0	5.39	0	0.554166667	0	1.297752809	0	0.586705202	0.004690432	0	0	0	0	4	0	0.116032609	0.01959185	0	0	0	0	0	0	0	0	0	0	0
Enchelyopus_cimbrius	0	0	0	0	0	0	0	0	0	0	0	0.15	0.374349943	0.068786127	0	0	0	0	0	0	0	0	0.112270158	0.044005848	0.001331022	0	0	0.049281609	0	0	0	0	0	0	0	0	0	0	0	0	0	0	0	0	0	0	0	0	0.544925139	0	0.023942714	0	0	0	0	0	0	0	0	0	0	0	0	0	0.576740217	0	0	0	0	0	0	0	0.999550198	0.13125	0	0	0.000767018	0	0	0.011	0	0	0	0	0	0	0	0	0	0	0	0	0	0	0	0	0	0	0	0	0	0	0	0	0	0	0	0
Glyptocephalus_cynoglossus	0	0	0	0	0	0	0	0	0	0	0.389942928	0.62	0	0.414739884	0	0	0.14847745	0	0	0	0.021503206	0.422413793	0.086105965	2.302631579	0	3.572585227	0.337066906	88.60632184	0.184125192	9.180769231	0.0037126	0.272540984	0	1.46488764	0	0	0.074412646	6.83	0	0.43	0.045281314	0	0	0	0	0.39046875	0	0.178888889	0	0.003888889	0	0.075147059	0	1.166666667	0	0	0	0	0	0	0	0.361666667	0.183858983	0.243833333	0	0	0	0.468023256	0	0	0	0	0	2.380813953	0	0.985632184	0	0	0	0	0	0	0	0	0	0	0	0	0	0.427556818	0	0	0	0	0	0	0	0	0	0	0	0	0	0	0	0	0	0
Helicolenus_dactylopterus	0	0.046	0	0.081534091	0	0	0	0	0	0	0	0	0	0	0	0	0	0	0	0	0	0	0	0	0	0	0	0	0	0	0	0	0	0	0	0	0	0	0	0	0	0	0	0	0	0	0.011527994	55.98055556	0	0	0.004389713	0	0	0	0	0	0	0	0	0	0	0	0	0	0	0	0	0	0	0	0	0	0	0	0	0	0	0	0	1.104	0	0	0	1.184166667	0	0	0.539365851	6.797687861	0	78.04403409	0	11.73706897	0	0	0	0	0	0	0	0	0	0	0	0	0	0	0	0
Hippoglossus_hippoglossus	0.00476532	0	0	0	0	3.36	0	0.225287356	0	0	0	0	0	0	0	0	0	59.65909091	0	0	0	0	0	9.425438596	0	0	0.135122129	4.364942529	0	0	0	0	0	0	0	0	0	3.95	0	0	0	0	0	0	0	9.296875	0	0	0	0	0.098564603	0	0	0	0	23.81	0	6.155882353	0.018270652	1.2228125	0	0	0.524385424	7.128333333	0	0	0	0	0	0	0	0	0	0	0	0	0.017641419	0	0	0	0	0	0	0	0	0	0	0	0	0	0	0	0	0	0	0	0	3.930327869	0	0	0	0	0	0	0	0	0	0
Leptoclinus_maculatus	0	0	0	0	0	0	0	0	0	0	0	0	0	0	0	0.022383721	0	0.171022727	0.336060005	0.031818182	0	0	0	0	0	0	0	0	0	0	0	0	0	0	0	0	0	0	0	0	0	0	0	0	0	0	0	0	0	0	0	0	0	0	0	0	0	0	0	0	0	0	0	0	0	0	0	0	0	0	0	0	0	0	0	0	0	0	0	0	0	0	0	0	0	0	0	0	0	0	0	0	0	0	0	0	0	0	0	0	0	0	0	0	0	0	0	0
Leucoraja_erinacea	0	0	0	0	0	9.18	0	0	0	0	0	0	0	0	0	0	0	0	0	0	0	0	0	0	0	0	0	0	0	0	0	0	0	0	0	0	0	0	0	0	0	0	0	0	0.085775554	0.844375	0	0	0	0	0	0	0	0	0	0	0	0	0	0	0.032846983	0	0	0	0	0	0	0.427325581	0	0	0	0	0	0	0	0	0	8.998579545	0	0	0	0	0	0	0	0	0	0	0	0	0	0	0	0	0.093212351	0	0.21375351	0	0.274693855	8.514044944	0.368300413	15.59	0.008214931	1.488505747	0.648134655	0	0	0.794382022
Lophius_americanus	0	0	0	0	0	0	0	0	0	0	0	0	0	0	0	0	0	0	0	0	0	0	0	0	0.005650653	0	0	0	0	0	0	0	0	0	0	0	0	9.63	0	0.31375	0	0	0	0	0	0.22859375	0	0	0	2.00375	0	0.260441176	0	2.775694444	0	0	0	0.473529412	0	0	0	0	0	0	0	0	0	6.531976744	0	0	0	0	0	0	0	1.03591954	0	0	0	0.746	0	0	0	4.375	0	3.037921348	0	0	0	0	0	0	0	0	0.024946345	2.605978261	0	0	0.114350746	2.713483146	0	2.54	0	0	0	0	0.025177944	4.384831461
Lumpenus_lampretaeformis	0	0	0	0	0	0	0	0	0	0	0	0	0.24842574	0.075867052	0	0	0.428220919	0.201846591	0.202570862	0.316193182	0	0	0	0	0	0	0	0	0	0	0.007844306	0	0	0	0	0	0	0	0	0	0	0	0	0	0	0	0	0	0	0	0	0	0	0	0	0	0	0	0	0	0	0	0	0	0	0	0	0	0	0	0	0	0	0	0	0	0	0	0	0	0	0	0	0	0	0	0	0	0	0	0	0	0	0	0	0	0	0	0	0	0	0	0	0	0	0	0	0
Melanogrammus_aeglefinus	0	16.165	0	3.221590909	0.148220803	26.848	0.264739267	22.21091954	0	0.006960227	0	0	0	0	0	0	0	0	0	0	0	0	0	0	0	0	0	0	0	4.401923077	0	0	0	0	0.160787635	113.4724138	0	47.74	0	9.05	0.066933913	12.74583333	0	17.96323529	0.153728073	35.21875	0	13.43611111	0	4.501388889	0.23006986	0.498235294	0	1.821944444	0	5.975	0	30.32647059	0.008122503	60.090625	0	0	0	0	0	0.24609375	0	1.109011628	0	8.604494382	0	12.30057803	0	0	0	61.57183908	0	0.1859375	0	8.54	0	8.66	0	5.259722222	0	17.73595506	0	12.21965318	0	1.292613636	0	1.295402299	0	361.643	0.231195298	279.2182065	0	323.154235	0.13752563	199.9119382	0	0.094	0	1.186781609	0	5.649715909	0.003861123	19.81235955
Merluccius_albidus	0	0	0	0	0	0	0	0	0	0	0	0	0	0	0	0	0	0	0	0	0	0	0	0	0	0	0	0	0	0	0	0	0	0	0	0	0	0	0.003305785	0	0	0	0	0	0.001031182	0	0.655530359	0.810833333	0	0.739861111	0	0	0	0	0	0	0	0	0.011779422	0	0	0	0	0	0	0	0	0	0.013800425	0	0	0	0	0	0	0	0	0	0	0	0	0	0	0	0	0	0	0	0	0	0	0	0	0	0	0	0	0	0	0	0	0	0	0	0	0	0	0
Merluccius_bilinearis	0.004402891	0	0.527338129	0	0	7.16	0	0	0	0	0.551210859	6.25	0	0.194219653	0	0	0	0	0	0.181960227	0.000762366	1.06408046	0.101060269	0.523976608	0	0	0	1.015804598	0	0	0	0	0	0.077668539	0.000127038	4.272413793	0.791375019	13.94	0	15.925	0.536826356	1.559444444	0	0.776176471	0	0.643125	0.194903459	3.869444444	0.166874857	2.197222222	0.257730557	27.3	0.106266738	7.729166667	0.133523789	0.552	0.106275086	1.811764706	0.957708411	0.25265625	0.003856403	0.982121212	0.205596396	46.305	0	2.2203125	0.472433784	1.465116279	0	0.018679775	0.118814019	8.729768786	0	10.55087209	0	3.514382184	0.004793864	7.636363636	0	13.35	0.239218391	11.92	0	2.206944444	0	0.816011236	0.445260838	25.93641618	0	2.724431818	0	0.221264368	0	28.3	0.046449396	0.551630435	0.183918684	0.493442623	0.032956491	2.91011236	0.337625321	6.76	0.424707123	2.272988506	0	0	0	0
Myoxocephalus_octodecemspinosus	0	0	0	0	0.399361314	3.552	0	1.216954023	0	0	0	0	0	0	0	0.225872093	0	0.114346591	0	0	0	0	0	0	0	0	0	0	0	0	0	0	0	9.251404494	0	0	0	1.385	0.000826446	0.14125	0	0	0	0	0.081896905	2.3953125	0	0	0	0	0	0.144117647	0	0.119583333	0	0.128	0.055601347	0	0	0	0.004654055	1.130606061	0	0.333666667	0.07862977	0	0	0.010174419	0	0	0	0	0	0	0	0	0	7.258522727	0	0	0	0	0.000395257	0	0	0	0	0	0	0	0	0	0	0	0.03718094	0.243478261	0	0.420765027	0.104230545	27.23314607	0	0.395	0	0	0	0	0.007513271	0
Notoscopelus_elongatus	0	0	0	0	0	0	0	0	0	0	0	0	0	0	0	0	0	0	0	0	0	0.032183908	0	0	0	0	0	0	0	0	0	0	0	0	0	0	0	0	0	0	0	0	0	0	0	0	0.004917031	0	0	0	0	0	0	0	0	0	0	0	0	0	0	0	0	0	0	0	0	0	0	0	0	0	0	0	0	0	0	0	0	0	0	0	0	0	0	0	0	0	0	0	0	0	0	0	0	0	0	0	0	0	0	0	0	0	0	0	0	0
Phycis_chesteri	0	0	0	0	0	0	0	0	0	0	0	0	0	0	0	0	0	0	0	0	0.059060944	0.414367816	0	0	0	0.0328125	0	0	0	0	0	0	0	0	0	0	0	0	0	0	0	0	0	0	0	0	0	0	0	0	0	0	0	0	0	0	0	0	0	0	0	0	0	0	0	0	0	0	0.001769285	0	0	0	0	0	0	0	0	0	0	0	0	0	0	0	0	0	0	0	0	0	0	0	0	0	0	0	0	0	0	0	0	0	0	0	0	0	0	0
Pollachius_virens	0.010370675	35.08	0	18.18607955	0	0.798	0	0	0	0	0	0	0	0	0	0	0	0	0	0	0	5.481321839	0	0	0	0	0	0	0	0	0	0	0	0	0	121.3896552	0	0	0	53.6	0	0	0	0	0	0	0	1.485555556	0	0	0	6.382352941	0	0	0	0	0	0	0	0	0	0	0	0	0	0	0	0	0	0	0	33.90751445	0	0	0	0	0	0	0	34.02	0	5.81	0	7.427777778	0	0	0	32.00578035	0	13.16477273	0.032504171	89.8433908	0	2.012	0	0.119836957	0	10.23224044	0	0	0	0	0	0	0	0	0	0
Scomber_scombrus	0	10.88	0	1.561079545	0	0	0	0	0	0	0	0	0.195324572	0	0	0	0	0	0	0	0	0	0.384351305	0.018421053	0	0	0	0	0	0	0	0	0	0	0	0	0	0	0	0	0	0.565833333	0	0	0	0	0	0	0.052217667	0	0.027167016	0.627941176	0	0	0	0	0	0	0	0	0.009070442	0	0	0	0	0	0	0	0	0	0	0	0	0	0	0	0	0	0	0	0	0	0	0	0	0	0	0	0	0	0	0	0	0	0.020005375	0	0	0	0	0	0	0	0	0	0	0	0	0
Sebastes	0	0	0	0.008948864	0	0	0.141950992	0	0	0	0	0	0	4.319364162	0	0	0.32315466	0.050710227	0	0	0.794587201	953.8908046	0.191292095	69.91812865	0.940947502	22.89914773	0.104540024	8.900862069	0.415213358	23.16730769	0	0	0	0	0.193859835	440.8913793	0	0	0	16.1	0	0	0	0	0	0.8071875	0	74.10277778	0	4.783333333	0.070049271	2.645588235	0	0	0.12706253	0	0	0	0	0	0	0	0	0.067666667	0	0	0	0.01627907	0.504423213	0	0	20.63583815	0	0	0	81.26436782	0	0	0	1.46	0.304183908	3.54	0	48.20277778	0.663612485	14.01573034	0	0.137572254	0	0.013920455	0	21.22126437	0	0	0	0	0	0	0	0	0	0	0	0	0	0	0	0
Squalus_acanthias	0	22.96	0	0	0	0	0	0	0	0	0	0	0	0	0	0	0	0	0	0	0	0	0	0	0	0	0	0	0	0	0	0	0	0	0	18.27241379	0	0	0	0	0	0	0	0	0	0	0	0	0	0	0.00118969	0	0	0	0	0	0	0	0	0	0	0	0	0	0	0	0.388768898	0	0.179936306	0	0.881185981	217.3236994	0	0	0	0	0	0	0.997332047	0	0.172505747	11.35	0.175889328	30.95555556	0.336387515	22.33707865	0.014186401	11.82514451	0.924718574	1.638636364	0.005674151	52.03735632	0.008956048	0	0	15.35054348	0	18.47540984	0.208762062	205.7921348	0	0.82	0.01336924	0	0	23.93323864	0	238.2359551
Tautogolabrus_adspersus	0	0	0	0	0	0	0	0	0	0	0	0	0	0	0	0	0	0	0	0	0	0	0	0	0	0	0	0	0	0	0	0	0	0	0	0	0	0	0	0	0	0	0.502994012	0.170882353	0	0	0	0	0	0	0	0	0	0	0	0	0	0	0	0	0	0	0	0	0	0	0	0	0	0	0	0	0	0	0	0	0	0.509090909	0	0	0	0	0	0	0	0	0	0	0	0	0	0	0	0	0.09394853	0	0	10.42349727	0	0.054073034	0	0	0	0	0	0	0	0
Triglops_murrayi	0	0	0	0	0	0	0	0	0	0	0	0	0	0	0	0.179069767	0	0.009943182	0	0	0	0	0	0	0	0	0	0	0	0	0	0	0	0.042275281	0	0	0	0	0	0	0	0	0	0	0	0	0	0	0	0	0	0	0	0	0	0	0	0	0	0	0	0.009545455	0	0	0	0	0	0	0	0	0	0	0	0	0	0	0	0	0	0	0	0	0	0	0	0	0	0	0	0	0	0	0	0	0	0	0	0	0	0.06488764	0	0	0	0	0	0	0.003255237	0
Urophycis_chuss	0	0	0	0	0.447217153	4.81	0	0	0	0	0	0	0	0	0	0	0	0	0	0	0	0	0	0	0	0	0	0	0	0	0	0	0	0	0	0	0	0	0	2.505	0.20201564	1.293055556	0.467673349	0	0.185448623	0.04921875	0.003523727	0	0	2.411111111	0	0.957352941	0	1.225	0	0	0	0.754558824	0	0	0	0	0	0	0	0	0	1.485465116	0	0	0	1.476878613	0.000449802	1.577034884	0	0.030172414	0	3.509943182	0	1.94	0	2.14	0	0.268333333	0	0	0	0.428901734	0.003283302	0.725852273	0	0	0	10.62	0	0	0.059214757	0	0	0	0.176875087	0.432	0.497682558	1.066091954	0	0	0	0
Urophycis_tenuis	0	0	0	0	0	0	0	0	0	0	0	1.01	0	0	0	0	0	0	0	0	0	3.882183908	0	4.144736842	0	0	0	1.005747126	0.072065822	0	0	0	0	0	0	0	0	0	0	7.4125	0	0	0	0	0	0	0	9.352777778	0	0	0.084678411	3.788235294	0	1.378611111	0	0	0	0.254264706	0	0	0	0	0	0.232166667	0	0	0	0	0	0	0	15.11271676	0	3.184593023	0	0.752298851	0.016682646	0.924715909	0	34.59	0	15.3	0	14.71944444	0	11.06039326	0	9.033236994	0	0	0	12.29022989	0	1.494	0	0	0	0	0.042850962	0.360814607	0.056546611	0	0	0	0	0	0	0.963483146
Zoarces_americanus	0	1.222	0	0	0	0.061	0	0	0	0	0	0	0	0	0	0	0	0	0	0	0	0	0	0	0	0	0	0	0	0	0	0	0	0	0	0	0	0.008	0	0	0	0	0	0	0	0	0	0	0	0	0	0.084411765	0	0	0	0	0	0	0	0	0	0	0	0	0	0	0	0	0	0	0	0	0	0	0	0	0	0	0	0	0	0	0	0	0	0	0	0	0	0	0	0	0	0	0.087422244	2.891304348	0.086335901	0	0	0.656741573	0	0	0	0	0	0	0	0