Taxa	eDNA_16S	verts_count	log_eDNA_16S	log_verts_count
Myoxocephalus_octodecemspinosus	1	0	0.301029996	0
Merluccius_albidus	4	0	0.698970004	0
Enchelyopus_cimbrius	4	0	0.698970004	0
Phycis_chesteri	10	0	1.041392685	0
Clupea_harengus	20	0	1.322219295	0
Argentina_silus	46	0	1.672097858	0
Merluccius_albidus	78	0	1.897627091	0
Merluccius_albidus	88	0	1.949390007	0
Hippoglossus_hippoglossus	92	0	1.968482949	0
Clupea_harengus	131	0	2.120573931	0
Squalus_acanthias	227	0	2.357934847	0
Clupea_harengus	338	0	2.530199698	0
Squalus_acanthias	735	0	2.866877814	0
Enchelyopus_cimbrius	860	0	2.935003151	0
Squalus_acanthias	1017	0	3.007747778	0
Alosa_pseudoharengus	1213	0	3.084218687	0
Clupea_harengus	1249	0	3.096910013	0
Merluccius_bilinearis	1466	0	3.166430114	0
Glyptocephalus_cynoglossus	1604	0	3.205475037	0
Squalus_acanthias	1673	0	3.223755454	0
Myoxocephalus_octodecemspinosus	1935	0	3.286905353	0
Sebastes	2126	0	3.32776749	0
Triglops_murrayi	2321	0	3.365862215	0
Urophycis_chuss	2438	0	3.3872118	0
Helicolenus_dactylopterus	2712	0	3.433449794	0
Urophycis_tenuis	2837	0	3.453012391	0
Sebastes	2851	0	3.455149521	0
Merluccius_bilinearis	2867	0	3.457579147	0
Scomber_scombrus	2968	0	3.472610198	0
Hippoglossus_hippoglossus	3103	0	3.491921713	0
Myoxocephalus_octodecemspinosus	3103	0	3.491921713	0
Notoscopelus_elongatus	3402	0	3.531861949	0
Lophius_americanus	3651	0	3.562530769	0
Urophycis_chuss	3775	0	3.577031986	0
Urophycis_tenuis	4467	0	3.650113164	0
Benthosema_glaciale	4744	0	3.676236217	0
Myoxocephalus_octodecemspinosus	5357	0	3.729002709	0
Urophycis_chuss	5389	0	3.731588765	0
Zoarces_americanus	5504	0	3.740757323	0
Scomber_scombrus	5572	0	3.746089043	0
Merluccius_albidus	5914	0	3.771954749	0
Lumpenus_lampretaeformis	6476	0	3.811373897	0
Squalus_acanthias	6840	0	3.83511959	0
Amblyraja_radiata	7310	0	3.863976784	0
Sebastes	9518	0	3.978591327	0
Scomber_scombrus	10272	0	4.011697288	0
Benthosema_glaciale	10282	0	4.012119836	0
Scomber_scombrus	11756	0	4.070296518	0
Glyptocephalus_cynoglossus	12224	0	4.087248868	0
Leucoraja_erinacea	13627	0	4.134432125	0
Enchelyopus_cimbrius	14193	0	4.152104801	0
Enchelyopus_cimbrius	14792	0	4.170056257	0
Leucoraja_erinacea	17790	0	4.25020036	0
Leucoraja_erinacea	20178	0	4.30489964	0
Benthosema_glaciale	25323	0	4.403532305	0
Enchelyopus_cimbrius	30973	0	4.490997294	0
Argentina_silus	32743	0	4.515131732	0
Squalus_acanthias	35139	0	4.545801757	0
Leucoraja_erinacea	47861	0	4.679990842	0
Tautogolabrus_adspersus	48239	0	4.683407299	0
Hippoglossus_hippoglossus	60894	0	4.784581635	0
Benthosema_glaciale	74645	0	4.87300654	0
Clupea_harengus	0	0.951086957	0	0.290276626
Pollachius_virens	0	0.951086957	0	0.290276626
Lophius_americanus	12809	0.951086957	4.10754913	0.290276626
Myoxocephalus_octodecemspinosus	19091	0.951086957	4.280851426	0.290276626
Glyptocephalus_cynoglossus	0	0.972222222	0	0.294955848
Benthosema_glaciale	0	0.972222222	0	0.294955848
Clupea_harengus	0	0.972222222	0	0.294955848
Glyptocephalus_cynoglossus	0	0.972222222	0	0.294955848
Merluccius_albidus	0	0.972222222	0	0.294955848
Myoxocephalus_octodecemspinosus	0	0.972222222	0	0.294955848
Lophius_americanus	0	0.972222222	0	0.294955848
Merluccius_bilinearis	0	0.983146067	0	0.297354703
Merluccius_bilinearis	0	0.983146067	0	0.297354703
Lophius_americanus	0	0.983146067	0	0.297354703
Tautogolabrus_adspersus	0	0.983146067	0	0.297354703
Leucoraja_erinacea	0	0.983146067	0	0.297354703
Urophycis_tenuis	2278	0.983146067	3.357744325	0.297354703
Lophius_americanus	6079	0.983146067	3.783903579	0.297354703
Lophius_americanus	17952	0.983146067	4.254137031	0.297354703
Sebastes	0	0.994318182	0	0.299794449
Melanogrammus_aeglefinus	0	0.994318182	0	0.299794449
Hippoglossus_hippoglossus	0	0.994318182	0	0.299794449
Myoxocephalus_octodecemspinosus	0	0.994318182	0	0.299794449
Triglops_murrayi	0	0.994318182	0	0.299794449
Merluccius_bilinearis	0	0.994318182	0	0.299794449
Amblyraja_radiata	0	0.994318182	0	0.299794449
Phycis_chesteri	0	0.994318182	0	0.299794449
Tautogolabrus_adspersus	0	0.994318182	0	0.299794449
Glyptocephalus_cynoglossus	0	0.994318182	0	0.299794449
Sebastes	0	0.994318182	0	0.299794449
Citharichthys_arctifrons	0	0.994318182	0	0.299794449
Helicolenus_dactylopterus	0	1	0	0.301029996
Zoarces_americanus	0	1	0	0.301029996
Pollachius_virens	0	1	0	0.301029996
Zoarces_americanus	0	1	0	0.301029996
Amblyraja_radiata	0	1	0	0.301029996
Zoarces_americanus	0	1	0	0.301029996
Myoxocephalus_octodecemspinosus	0	1	0	0.301029996
Enchelyopus_cimbrius	0	1	0	0.301029996
Citharichthys_arctifrons	0	1	0	0.301029996
Pollachius_virens	0	1	0	0.301029996
Urophycis_tenuis	0	1	0	0.301029996
Lophius_americanus	0	1	0	0.301029996
Squalus_acanthias	0	1	0	0.301029996
Hippoglossus_hippoglossus	0	1.005747126	0	0.302276179
Urophycis_chuss	0	1.005747126	0	0.302276179
Amblyraja_radiata	0	1.005747126	0	0.302276179
Argentina_silus	0	1.005747126	0	0.302276179
Hippoglossus_hippoglossus	8143	1.005747126	3.910837765	0.302276179
Sebastes	0	1.011560694	0	0.303533141
Enchelyopus_cimbrius	22531	1.011560694	4.352799743	0.303533141
Myoxocephalus_octodecemspinosus	0	1.01744186	0	0.304801028
Citharichthys_arctifrons	0	1.01744186	0	0.304801028
Glyptocephalus_cynoglossus	0	1.01744186	0	0.304801028
Leucoraja_erinacea	0	1.01744186	0	0.304801028
Myoxocephalus_octodecemspinosus	0	1.01744186	0	0.304801028
Alosa_pseudoharengus	0	1.01744186	0	0.304801028
Hippoglossus_hippoglossus	0	1.023391813	0	0.306079988
Enchelyopus_cimbrius	14422	1.023391813	4.159055604	0.306079988
Citharichthys_arctifrons	0	1.029411765	0	0.307370174
Glyptocephalus_cynoglossus	0	1.029411765	0	0.307370174
Lophius_americanus	0	1.029411765	0	0.307370174
Myoxocephalus_octodecemspinosus	0	1.029411765	0	0.307370174
Zoarces_americanus	0	1.029411765	0	0.307370174
Hippoglossus_hippoglossus	0	1.029411765	0	0.307370174
Urophycis_tenuis	0	1.029411765	0	0.307370174
Tautogolabrus_adspersus	5796	1.029411765	3.7632033	0.307370174
Melanogrammus_aeglefinus	142139	1.029411765	5.152716311	0.307370174
Triglops_murrayi	0	1.060606061	0	0.313994973
Clupea_harengus	0	1.09375	0	0.320924824
Hippoglossus_hippoglossus	0	1.09375	0	0.320924824
Lophius_americanus	0	1.09375	0	0.320924824
Melanogrammus_aeglefinus	0	1.09375	0	0.320924824
Leucoraja_erinacea	7320	1.09375	3.864570407	0.320924824
Hippoglossus_hippoglossus	9173	1.09375	3.962558736	0.320924824
Sebastes	0	1.166666667	0	0.335792102
Urophycis_tenuis	0	1.166666667	0	0.335792102
Clupea_harengus	0	1.206896552	0	0.343781976
Clupea_harengus	0	1.25	0	0.352182518
Lophius_americanus	0	1.25	0	0.352182518
Myoxocephalus_octodecemspinosus	1	1.25	0.301029996	0.352182518
Alosa_pseudoharengus	82	1.25	1.919078092	0.352182518
Glyptocephalus_cynoglossus	3065	1.43442623	3.486572151	0.386396619
Hippoglossus_hippoglossus	0	1.912568306	0	0.464276119
Citharichthys_arctifrons	0	1.944444444	0	0.469003364
Pollachius_virens	0	1.944444444	0	0.469003364
Lophius_americanus	0	1.944444444	0	0.469003364
Lophius_americanus	0	1.944444444	0	0.469003364
Urophycis_chuss	0	1.944444444	0	0.469003364
Merluccius_albidus	453549	1.944444444	5.656625171	0.469003364
Zoarces_americanus	0	1.966292135	0	0.47221392
Urophycis_tenuis	0	1.966292135	0	0.47221392
Amblyraja_radiata	0	1.988636364	0	0.475473076
Clupea_harengus	0	1.988636364	0	0.475473076
Alosa_pseudoharengus	0	1.988636364	0	0.475473076
Melanogrammus_aeglefinus	0	1.988636364	0	0.475473076
Clupea_harengus	1149	1.988636364	3.06069784	0.475473076
Squalus_acanthias	3943	1.988636364	3.595936906	0.475473076
Argentina_silus	0	2	0	0.477121255
Hippoglossus_hippoglossus	0	2	0	0.477121255
Hippoglossus_hippoglossus	0	2	0	0.477121255
Helicolenus_dactylopterus	0	2	0	0.477121255
Lophius_americanus	0	2	0	0.477121255
Notoscopelus_elongatus	0	2.011494253	0	0.478782039
Enchelyopus_cimbrius	0	2.011494253	0	0.478782039
Lophius_americanus	0	2.011494253	0	0.478782039
Merluccius_bilinearis	0	2.011494253	0	0.478782039
Phycis_chesteri	2634	2.011494253	3.42078062	0.478782039
Merluccius_bilinearis	0	2.023121387	0	0.480455586
Urophycis_chuss	0	2.023121387	0	0.480455586
Merluccius_bilinearis	12982	2.046783626	4.113375057	0.483841613
Lophius_americanus	0	2.058823529	0	0.485554422
Glyptocephalus_cynoglossus	0	2.121212121	0	0.494323285
Glyptocephalus_cynoglossus	0	2.1875	0	0.503450193
Urophycis_chuss	15826	2.1875	4.199398602	0.503450193
Myoxocephalus_octodecemspinosus	0	2.868852459	0	0.587582168
Citharichthys_arctifrons	0	2.916666667	0	0.592916612
Urophycis_tenuis	0	2.916666667	0	0.592916612
Clupea_harengus	0	2.916666667	0	0.592916612
Argentina_silus	0	2.982954545	0	0.60020535
Argentina_silus	0	2.982954545	0	0.60020535
Urophycis_chuss	14	2.982954545	1.176091259	0.60020535
Urophycis_tenuis	87	2.982954545	1.944482672	0.60020535
Sebastes	26605	2.982954545	4.424979587	0.60020535
Enchelyopus_cimbrius	0	3	0	0.602059991
Urophycis_tenuis	0	3	0	0.602059991
Lophius_americanus	0	3	0	0.602059991
Myoxocephalus_octodecemspinosus	0	3	0	0.602059991
Glyptocephalus_cynoglossus	0	3.017241379	0	0.603927927
Merluccius_bilinearis	34	3.017241379	1.544068044	0.603927927
Glyptocephalus_cynoglossus	959	3.017241379	2.982271233	0.603927927
Leucoraja_erinacea	1028	3.017241379	3.012415375	0.603927927
Glyptocephalus_cynoglossus	0	3.034682081	0	0.60580932
Clupea_harengus	0	3.034682081	0	0.60580932
Lumpenus_lampretaeformis	14952	3.034682081	4.174728333	0.60580932
Lophius_americanus	0	3.052325581	0	0.607704331
Enchelyopus_cimbrius	11111	3.052325581	4.045792233	0.607704331
Amblyraja_radiata	0	3.070175439	0	0.609613129
Pollachius_virens	0	3.088235294	0	0.611535883
Urophycis_chuss	0	3.088235294	0	0.611535883
Scomber_scombrus	16784	3.088235294	4.224921346	0.611535883
Myoxocephalus_octodecemspinosus	0	3.5	0	0.653212514
Glyptocephalus_cynoglossus	2326	3.5	3.366796383	0.653212514
Hippoglossus_hippoglossus	6634	3.5	3.821840927	0.653212514
Zoarces_americanus	44888	3.804347826	4.652139931	0.681634442
Pollachius_virens	0	3.825136612	0	0.683509614
Merluccius_bilinearis	11725	3.825136612	4.06914989	0.683509614
Scomber_scombrus	0	3.888888889	0	0.689210167
Helicolenus_dactylopterus	0	3.888888889	0	0.689210167
Melanogrammus_aeglefinus	0	3.977272727	0	0.696991438
Hippoglossus_hippoglossus	0	4	0	0.698970004
Myoxocephalus_octodecemspinosus	0	4	0	0.698970004
Pollachius_virens	0	4	0	0.698970004
Urophycis_chuss	8874	4	3.948168362	0.698970004
Pollachius_virens	0	4.022988506	0	0.700962184
Urophycis_tenuis	0	4.022988506	0	0.700962184
Urophycis_tenuis	0	4.022988506	0	0.700962184
Urophycis_tenuis	0	4.022988506	0	0.700962184
Urophycis_tenuis	0	4.046242775	0	0.702968141
Clupea_harengus	0	4.242424242	0	0.719532163
Squalus_acanthias	0	4.755434783	0	0.760078137
Clupea_harengus	0	4.915730337	0	0.772008369
Scomber_scombrus	0	4.971590909	0	0.776090048
Clupea_harengus	0	5	0	0.77815125
Clupea_harengus	0	5	0	0.77815125
Sebastes	0	5	0	0.77815125
Merluccius_bilinearis	10002	5	4.000130269	0.77815125
Urophycis_tenuis	0	5.028735632	0	0.78022624
Urophycis_chuss	62279	5.028735632	4.794348604	0.78022624
Sebastes	0	5.087209302	0	0.784418235
Melanogrammus_aeglefinus	0	5.384615385	0	0.80513474
Merluccius_bilinearis	480829	5.46875	5.681991556	0.810820367
Urophycis_tenuis	0	5.833333333	0	0.834632606
Glyptocephalus_cynoglossus	0	5.833333333	0	0.834632606
Urophycis_tenuis	0	5.833333333	0	0.834632606
Triglops_murrayi	0	5.898876404	0	0.838778364
Leptoclinus_maculatus	12366	5.965909091	4.092264361	0.842977802
Urophycis_tenuis	0	6	0	0.84509804
Squalus_acanthias	3752	6	3.574378564	0.84509804
Glyptocephalus_cynoglossus	0	6.25	0	0.860338007
Merluccius_bilinearis	23850	6.657608696	4.377506592	0.88409317
Squalus_acanthias	0	6.693989071	0	0.886151565
Melanogrammus_aeglefinus	0	6.805555556	0	0.892403819
Melanogrammus_aeglefinus	0	6.805555556	0	0.892403819
Pollachius_virens	0	6.805555556	0	0.892403819
Urophycis_chuss	7156	6.805555556	3.854731017	0.892403819
Glyptocephalus_cynoglossus	0	6.882022472	0	0.896637669
Triglops_murrayi	0	6.882022472	0	0.896637669
Helicolenus_dactylopterus	0	6.960227273	0	0.900925467
Leptoclinus_maculatus	0	7.122093023	0	0.909667959
Glyptocephalus_cynoglossus	0	7.122093023	0	0.909667959
Glyptocephalus_cynoglossus	11061	7.16374269	4.043833654	0.911889308
Merluccius_bilinearis	0	7.65625	0	0.937329791
Pollachius_virens	0	7.954545455	0	0.952043545
Clupea_harengus	0	8	0	0.954242509
Melanogrammus_aeglefinus	0	8	0	0.954242509
Glyptocephalus_cynoglossus	5056	8	3.703892954	0.954242509
Melanogrammus_aeglefinus	0	8.045977011	0	0.95645548
Melanogrammus_aeglefinus	0	8.948863636	0	0.997773478
Lumpenus_lampretaeformis	35255	8.948863636	4.547233038	0.997773478
Melanogrammus_aeglefinus	0	9	0	1
Myoxocephalus_octodecemspinosus	0	9.051724138	0	1.002240561
Urophycis_chuss	0	9.104046243	0	1.004495325
Urophycis_tenuis	0	9.104046243	0	1.004495325
Urophycis_chuss	0	9.156976744	0	1.006764458
Merluccius_bilinearis	0	9.264705882	0	1.01134651
Melanogrammus_aeglefinus	0	9.722222222	0	1.030284804
Pollachius_virens	0	9.943181818	0	1.039143615
Urophycis_tenuis	0	10	0	1.041392685
Squalus_acanthias	251	10.11560694	2.401400541	1.045933181
Urophycis_tenuis	52315	10.29411765	4.718634531	1.052852307
Lumpenus_lampretaeformis	7454	10.9375	3.872447648	1.076913385
Centroscyllium_fabricii	790	11.06321839	2.898176483	1.08146319
Melanogrammus_aeglefinus	0	11.19186047	0	1.086069984
Urophycis_chuss	5	11.19186047	0.77815125	1.086069984
Merluccius_bilinearis	5931	11.32352941	3.773201142	1.090735106
Sebastes	6616	12	3.820661135	1.113943352
Merluccius_bilinearis	0	12.06896552	0	1.116241212
Squalus_acanthias	0	12.06896552	0	1.116241212
Urophycis_tenuis	0	12.28070175	0	1.123221024
Scomber_scombrus	49373	12.28070175	4.693498313	1.123221024
Urophycis_chuss	0	12.35294118	0	1.125576936
Urophycis_chuss	0	12.63888889	0	1.134778991
Myoxocephalus_octodecemspinosus	2859	12.72727273	3.456366033	1.137584262
Leucoraja_erinacea	14603	12.78089888	4.164471824	1.139277546
Clupea_harengus	4436	12.92613636	3.647089429	1.143830643
Melanogrammus_aeglefinus	0	13.07471264	0	1.148439537
Clupea_harengus	0	13.15028902	0	1.15076531
Urophycis_tenuis	0	13.22674419	0	1.153105523
Merluccius_bilinearis	3	13.27586207	0.602059991	1.154602343
Argentina_silus	0	13.61111111	0	1.164683243
Urophycis_chuss	0	13.61111111	0	1.164683243
Urophycis_chuss	0	13.75	0	1.16879202
Merluccius_bilinearis	2369	13.78787879	3.374748346	1.169905882
Clupea_harengus	0	14.08045977	0	1.178414582
Melanogrammus_aeglefinus	0	14.16184971	0	1.180752187
Melanogrammus_aeglefinus	0	14.58333333	0	1.19266036
Sebastes	0	14.58333333	0	1.19266036
Merluccius_bilinearis	0	14.74719101	0	1.197203095
Urophycis_tenuis	0	15	0	1.204119983
Clupea_harengus	0	15.26162791	0	1.21116402
Myoxocephalus_octodecemspinosus	6989	15.3125	3.844477176	1.212520525
Squalus_acanthias	445	15.55555556	2.649334859	1.218943759
Urophycis_tenuis	0	15.73033708	0	1.223504691
Leucoraja_erinacea	0	15.90909091	0	1.228120259
Melanogrammus_aeglefinus	0	16	0	1.230448921
Sebastes	0	16.1849711	0	1.235148806
Melanogrammus_aeglefinus	0	16.71348315	0	1.248303969
Glyptocephalus_cynoglossus	0	16.90340909	0	1.252935735
Leucoraja_erinacea	0	17	0	1.255272505
Urophycis_chuss	9803	17	3.991403303	1.255272505
Pollachius_virens	0	17.19653179	0	1.259988621
Pollachius_virens	0	18	0	1.278753601
Urophycis_chuss	0	18	0	1.278753601
Helicolenus_dactylopterus	0	18.10344828	0	1.281111767
Melanogrammus_aeglefinus	0	18.20809249	0	1.283484238
Merluccius_bilinearis	9485	18.47222222	3.97708312	1.289415517
Sebastes	43277	18.52941176	4.636267183	1.290689162
Sebastes	0	18.59375	0	1.292117563
Squalus_acanthias	0	19	0	1.301029996
Triglops_murrayi	0	19.33139535	0	1.308167185
Clupea_harengus	0	19.55882353	0	1.312998259
Sebastes	10864	19.66292135	4.036029731	1.315191723
Squalus_acanthias	5507	20.64606742	3.740993932	1.335379007
Merluccius_bilinearis	1752	21.62921348	3.243781916	1.35466946
Urophycis_chuss	0	22	0	1.361727836
Pollachius_virens	6753	22	3.829561056	1.361727836
Melanogrammus_aeglefinus	0	22.5	0	1.371067862
Tautogolabrus_adspersus	0	22.95081967	0	1.379320381
Merluccius_bilinearis	0	22.96875	0	1.379645386
Citharichthys_arctifrons	31793	22.96875	4.50234517	1.379645386
Myoxocephalus_octodecemspinosus	0	23.59550562	0	1.390855755
Clupea_harengus	0	24.27745665	0	1.402733374
Pollachius_virens	0	24.27745665	0	1.402733374
Merluccius_bilinearis	0	24.85795455	0	1.412594168
Clupea_harengus	608	25.85227273	2.784617293	1.42898105
Merluccius_bilinearis	53147	26.14942529	4.725486926	1.433760641
Merluccius_bilinearis	134850	27.22222222	5.129854171	1.450591207
Leucoraja_erinacea	18478	28	4.266678465	1.462397998
Clupea_harengus	0	30	0	1.491361694
Merluccius_bilinearis	19016	30.13888889	4.279142006	1.493303112
Melanogrammus_aeglefinus	0	31	0	1.505149978
Alosa_pseudoharengus	0	31.17816092	0	1.507561219
Pollachius_virens	3059	31.17816092	3.485721426	1.507561219
Leptoclinus_maculatus	0	31.81818182	0	1.516114517
Clupea_harengus	0	32	0	1.51851394
Clupea_harengus	7	32.18390805	0.903089987	1.520927531
Merluccius_bilinearis	8312	32.55813953	3.919757781	1.525797875
Melanogrammus_aeglefinus	0	33	0	1.531478917
Sebastes	6300	33.18965517	3.79940948	1.533894721
Amblyraja_radiata	2670	34.41011236	3.426673888	1.549127305
Helicolenus_dactylopterus	9543	35.40462428	3.979730431	1.561156553
Melanogrammus_aeglefinus	2371	36.94444444	3.375114685	1.579148199
Sebastes	0	37.21264368	0	1.582207085
Clupea_harengus	4820	38.88888889	3.683137131	1.600851939
Clupea_harengus	94	40	1.977723605	1.612783857
Merluccius_bilinearis	0	42.77777778	0	1.641253712
Scomber_scombrus	0	43	0	1.643452676
Urophycis_chuss	0	43	0	1.643452676
Squalus_acanthias	534	45.25862069	2.728353782	1.665192679
Myoxocephalus_octodecemspinosus	8754	46	3.94225615	1.672097858
Melanogrammus_aeglefinus	0	49.41176471	0	1.702531901
Glyptocephalus_cynoglossus	11413	49.80769231	4.057437868	1.70592947
Glyptocephalus_cynoglossus	11152	55	4.047391702	1.748188027
Merluccius_bilinearis	7147	56	3.854184544	1.755874856
Clupea_harengus	237	57.16666667	2.376576957	1.764674177
Squalus_acanthias	0	67.61363636	0	1.836410437
Sebastes	0	74.85549133	0	1.879987026
Pollachius_virens	0	76.03448276	0	1.886685171
Merluccius_bilinearis	16939	80	4.228913406	1.908485019
Merluccius_bilinearis	0	83	0	1.924279286
Melanogrammus_aeglefinus	0	84.48275862	0	1.931878529
Merluccius_bilinearis	0	84.48275862	0	1.931878529
Merluccius_bilinearis	118601	90	5.074092013	1.959041392
Myoxocephalus_octodecemspinosus	0	92.47159091	0	1.970679635
Clupea_harengus	0	95.57692308	0	1.984873365
Melanogrammus_aeglefinus	3797	100.1724138	3.57955496	2.005062112
Sebastes	607965	103.4090909	5.783879292	2.018738314
Urophycis_chuss	0	108.3806818	0	2.038940626
Sebastes	0	108.75	0	2.040404529
Sebastes	0	109.8611111	0	2.044779227
Merluccius_bilinearis	992	115.6944444	2.996949248	2.067050181
Melanogrammus_aeglefinus	0	119	0	2.079181246
Melanogrammus_aeglefinus	13119	120.3125	4.117933835	2.083905553
Melanogrammus_aeglefinus	0	122.5	0	2.091666958
Sebastes	25737	126.5384615	4.410574797	2.105641174
Clupea_harengus	4342	133	3.637789829	2.127104798
Merluccius_bilinearis	0	138.75	0	2.145351817
Squalus_acanthias	36734	147.6878613	4.565080044	2.172275515
Myoxocephalus_octodecemspinosus	5541	149.4382022	3.743666521	2.177358135
Helicolenus_dactylopterus	0	167.0454545	0	2.22542677
Melanogrammus_aeglefinus	0	170.0842697	0	2.23321008
Clupea_harengus	0	177.0467836	0	2.250534133
Pollachius_virens	0	178.75	0	2.254668899
Melanogrammus_aeglefinus	3965	179.0229885	3.59835271	2.255327967
Merluccius_bilinearis	4953	184.1040462	3.694956002	2.267415912
Merluccius_bilinearis	5203	216	3.716337288	2.336459734
Melanogrammus_aeglefinus	4078	219.84375	3.610553705	2.344085113
Sebastes	0	220.6944444	0	2.34575481
Merluccius_bilinearis	25	221.7329545	1.414973348	2.347784478
Sebastes	24573	228.2163743	4.390475854	2.360245639
Squalus_acanthias	11098	233.988764	4.045283851	2.371047097
Merluccius_bilinearis	159228	237.7941176	5.202022168	2.378023624
Clupea_harengus	8886	261.4942529	3.94875518	2.419119799
Merluccius_bilinearis	0	265	0	2.424881637
Melanogrammus_aeglefinus	0	265.4829545	0	2.425669435
Sebastes	0	265.5172414	0	2.425725309
Clupea_harengus	94	287.65625	1.977723605	2.460380965
Merluccius_bilinearis	0	293.0232558	0	2.468381682
Melanogrammus_aeglefinus	3249	353	3.511883361	2.549003262
Squalus_acanthias	0	373.5955056	0	2.573562562
Glyptocephalus_cynoglossus	20313	375.1436782	4.307795448	2.575353767
Melanogrammus_aeglefinus	0	393	0	2.595496222
Merluccius_bilinearis	7878	431.9364162	3.8964711	2.636424118
Merluccius_bilinearis	2601	519.1666667	3.415307292	2.716142518
Merluccius_bilinearis	0	522	0	2.718501689
Helicolenus_dactylopterus	7976	535.6944444	3.901839592	2.7297271
Melanogrammus_aeglefinus	7311	576.1235955	3.864036183	2.761268831
Melanogrammus_aeglefinus	0	805.1912568	0	2.906438084
Melanogrammus_aeglefinus	118710	1385.733696	5.074490963	3.141993069
Melanogrammus_aeglefinus	2753	1405.898876	3.439963936	3.148262883
Sebastes	4578	2558.62069	3.660770644	3.408175612
Sebastes	35437	4030.028736	4.549469204	3.605415894